8633
8204
3094
4400
6200
1609
2112
4769
2156
493
9121
8781
7911
2299
4782
4751
376
7848
2849
1366
1859
7045
9342
3579
5922
6110
4765
5007
3648
4201
7081
5687
9511
4567
907
3239
9597
1341
8635
5201
5896
365
9445
5896
7540
2237
3800
5389
3600
2877
8139
4089
1015
951
936
8109
2637
3529
3499
8048
8244
7729
5303
8305
8261
103
8111
3593
6937
8615
3161
8557
3371
8045
1136
5539
8539
6064
8605
2695
5223
4966
8671
6972
5112
2776
4701
3529
1558
7286
2115
9834
6737
3462
2410
8098
6314
4025
7779
2943
5371
4519
2433
650
5151
2151
4979
3229
8140
3446
9602
2554
4397
5638
1055
742
8171
7133
4574
3432
8661
2161
7287
8405
3349
1789
7542
9482
6021
5520
436
3149
1284
9978
6489
8116
3348
3745
8781
7756
1324
2695
9742
4415
1415
8447
4500
1218
6709
835
5110
2726
3732
9888
9700
9228
4073
458
4324
7482
3415
8296
8102
8423
5390
7045
8430
4980
9030
2685
804
6666
6999
718
6011
3453
9982
5410
2613
7565
58
9760
4117
5098
9906
9816
7907
8984
3178
2684
9993
6167
9444
2861
2605
6941
3073
8692
3475
3461
6762
584
7275
468
640
2098
3670
6859
6171
4476
4903
1860
6263
1759
9856
9854
234
8899
5200
1075
8863
2341
7669
9269
8245
1330
4434
4671
6823
3665
4620
8939
9094
2471
1090
6705
1496
9740
8121
6191
2152
1533
3489
4427
3403
289
455
9514
4428
9147
3773
5894
3694
451
7925
4251
6939
2615
8243
8805
5267
7229
787
9750
7300
2246
8751
6161
5268
9560
6828
664
2026
5516
2311
5010
3611
5319
8269
3680
747
7741
1402
5134
6809
4683
8998
6721
3061
1847
1761
6812
6400
7026
725
9628
1087
7833
4245
2468
7571
524
4463
8880
3733
4370
52
6080
316
9692
9744
4430
2662
1794
3420
4278
4802
9088
9095
4362
4866
1329
6832
7161
4758
5319
2608
5814
7969
5149
7286
4750
7019
7294
9350
5980
9735
9679
4151
4267
5228
5380
2251
3397
4480
4058
7630
1724
9259
7329
1341
4476
7527
3127
6174
6785
3163
364
5215
4257
4088
6295
5608
680
8284
2034
6187
9015
2482
1755
6930
6150
6110
1284
3237
8893
3676
9726
2396
3199
6579
8722
1476
5742
1597
1025
7498
5567
739
449
7727
8054
9892
3906
5318
5261
3898
9478
6630
760
2127
785
577
1473
5488
2867
1441
3424
1252
5160
6777
9556
2596
3452
8135
7994
2155
8677
8483
2330
415
8734
6134
896
827
3071
4061
5373
2423
6340
867
5386
8376
1129
2874
7831
7174
5572
7242
5739
8568
176
1382
4656
6313
9844
4295
4225
5696
6452
216
9469
5346
936
6676
6971
4546
8616
1415
6631
2832
9183
3937
3404
5064
9825
2508
2401
2430
1603
3746
3102
5494
742
4968
3446
1407
328
245
9178
7550
8377
3100
2423
4040
2532
2974
6384
480
1902
4743
3940
8101
8538
4819
476
3801
8444
5037
2643
