9816
9760
9750
9744
9742
9740
9735
9726
9700
9692
9679
9628
9602
9597
9560
9556
9514
9511
9482
9478
9469
9445
9444
9350
9342
9269
9259
9228
9183
9178
9147
9121
9095
9094
9088
9030
9015
8998
8984
8939
8899
8893
8880
8863
8805
8781
8781
8751
8734
8722
8692
8677
8671
8661
8635
8633
8616
8615
8605
8568
8557
8539
8538
8483
8447
8444
8430
8423
8405
8377
8376
8305
8296
8284
8269
8261
8245
8244
8243
8204
8171
8140
8139
8135
8121
8116
8111
8109
8102
8101
8098
8054
8048
8045
7994
7969
7925
7911
7907
7848
7833
7831
7779
7756
7741
7729
7727
7669
7630
7571
7565
7550
7542
7540
7527
7498
7482
7329
7300
7294
7287
7286
7286
7275
7242
7229
7174
7161
7133
7081
7045
7045
7026
7019
6999
6972
6971
6941
6939
6937
6930
6859
6832
6828
6823
6812
6809
6785
6777
6762
6737
6721
6709
6705
6676
6666
6631
6630
6579
6489
6452
6400
6384
6340
6314
6313
6295
6263
6200
6191
6187
6174
6171
6167
6161
6150
6134
6110
6110
6080
6064
6021
6011
5980
5922
5896
5896
5894
5814
5742
5739
5696
5687
5638
5608
5572
5567
5539
5520
5516
5494
5488
5410
5390
5389
5386
5380
5373
5371
5346
5319
5319
5318
5303
5268
5267
5261
5228
5223
5215
5201
5200
5160
5151
5149
5134
5112
5110
5098
5064
5037
5010
5007
4980
4979
4968
4966
4903
4866
4819
4802
4782
4769
4765
4758
4751
4750
4743
4701
4683
4671
4656
4620
4574
4567
4546
4519
4500
4480
4476
4476
4463
4434
4430
4428
4427
4415
4400
4397
4370
4362
4324
4295
4278
4267
4257
4251
4245
4225
4201
4151
4117
4089
4088
4073
4061
4058
4040
4025
3940
3937
3906
3898
3801
3800
3773
3746
3745
3733
3732
3694
3680
3676
3670
3665
3648
3611
3600
3593
3579
3529
3529
3499
3489
3475
3462
3461
3453
3452
3446
3446
3432
3424
3420
3415
3404
3403
3397
3371
3349
3348
3239
3237
3229
3199
3178
3163
3161
3149
3127
3102
3100
3094
3073
3071
3061
2974
2943
2877
2874
2867
2861
2849
2832
2776
2726
2695
2695
2685
2684
2662
2643
2643
2637
2615
2613
2608
2605
2596
2554
2532
2508
2482
2471
2468
2433
2430
2423
2423
2410
2401
2396
2341
2330
2311
2299
2251
2246
2237
2161
2156
2155
2152
2151
2127
2115
2112
2098
2034
2026
1902
1860
1859
1847
1794
1789
1761
1759
1755
1724
1609
1603
1597
1558
1533
1496
1476
1473
1441
1415
1415
1407
1402
1382
1366
1341
1341
1330
1329
1324
1284
1284
1252
1218
1136
1129
1090
1087
1075
1055
1025
1015
951
936
936
907
896
867
835
827
804
787
785
760
747
742
742
739
725
718
680
664
650
640
584
577
524
493
480
476
468
458
455
451
449
436
415
376
365
364
328
316
289
245
234
216
176
103
58
52
0
0
0
0
0
0
0
0
0
0
0
